1557
651
575
1726
1394
1830
1163
975
424
850
945
1268
830
477
297
182
304
1644
1732
1168
1041
1140
483
1817
628
1727
1723
255
742
434
1848
667
1024
1189
1530
1556
439
535
672
92
750
1333
1798
373
606
277
656
679
398
449
207
1520
316
281
302
782
165
708
356
1902
1061
778
1443
1627
1257
274
1471
944
1246
142
232
387
881
899
1355
1920
60
178
510
661
569
6
1039
761
1348
829
1495
296
1934
1068
495
905
1032
566
1701
861
502
1371
1765
68
1568
1545
649
1282
22
781
519
1091
282
539
1300
249
1205
479
1002
871
947
1567
470
617
1130
116
827
1059
1635
1964
756
1323
759
471
1374
1143
795
290
753
1788
1813
1375
40
1486
1071
1293
1022
999
627
1746
1924
521
53
943
382
1008
1663
843
1735
1477
700
985
1576
1648
809
591
592
1040
227
1385
673
1238
1849
1287
1428
199
177
1637
1262
1894
30
648
1240
1651
1359
625
1142
1206
711
1058
1875
1264
1043
1834
429
507
1066
357
45
1805
647
1892
1579
1396
1031
1442
388
151
1538
150
58
710
1859
402
670
285
796
1182
1553
1193
880
845
336
42
406
953
8
883
802
254
893
1407
437
1188
959
1
1510
46
1525
352
1225
1521
1506
1064
739
421
800
1369
112
1036
877
89
1929
359
452
630
1913
913
1968
696
222
1315
210
1938
1896
1069
375
614
1104
842
1588
1078
1820
1301
855
660
1001
414
1910
922
21
1077
804
702
522
942
933
1583
1739
1856
1518
1944
194
904
570
309
1281
211
1561
1221
1780
34
400
1835
1826
645
1464
1473
1795
1226
1439
1395
1722
748
564
1519
512
1839
123
1925
863
751
785
1057
1629
442
716
226
379
997
20
161
777
854
787
464
1764
1566
887
410
1481
1366
1178
380
1841
1700
1833
1015
974
1730
690
1231
294
362
1865
1299
412
1353
221
1587
951
676
1958
1098
1621
1199
1017
197
104
169
1550
721
272
26
1259
361
126
1753
1843
1502
243
1671
1148
1535
919
1688
15
486
96
605
1158
1877
38
1930
323
455
1850
834
1177
88
1953
618
1950
1322
185
66
1267
579
1263
1047
685
1590
1855
1390
1741
816
122
1696
1302
1821
1854
5
269
1094
1445
1507
1666
1230
914
99
279
1274
948
727
427
1816
1690
1762
241
1026
1166
1033
1271
1204
1452
168
1577
824
526
1893
1174
908
916
780
1710
840
878
585
1669
86
27
563
1582
456
305
1951
425
1860
822
29
715
1408
341
1331
631
283
293
474
167
719
1766
894
1526
346
1013
1280
1074
1711
10
158
1363
358
313
703
1256
1119
523
391
100
135
146
1969
299
47
533
365
1885
351
895
186
852
1772
970
998
1283
325
639
989
1618
1853
1341
118
124
489
832
1517
1012
608
931
644
1087
1699
1862
493
921
204
1195
364
1955
1962
550
1338
663
838
557
1365
1046
588
57
152
758
1135
256
1018
546
1133
1042
1811
1288
32
236
1434
1971
896
1470
1905
1630
1109
180
238
978
1218
1325
1899
1387
223
1609
37
463
1289
462
1467
629
1485
1239
1479
907
1685
1754
911
836
1351
1160
1448
1721
