177
1963
3589
1459
3478
1467
1489
2462
3696
1044
1763
1426
1080
1901
42
3279
2701
2456
237
261
1345
1957
1103
788
771
2508
89
2747
2641
3682
588
3499
1226
201
3616
527
2255
2948
1505
1407
289
2338
2583
2992
2294
711
683
1953
3695
1273
1756
2210
451
3530
2953
3311
2904
1150
3479
824
137
319
652
1001
3859
3774
1052
3636
498
311
1311
1222
2807
331
219
3185
150
1083
1488
2742
3587
2021
1027
323
2607
3355
3374
880
1967
2654
570
672
3464
31
3738
2735
3149
458
3171
550
339
1585
3012
32
676
2532
333
1774
902
1623
2586
1937
75
2630
1757
1290
3
2815
793
2098
3772
948
2302
1366
1982
1754
2353
1771
2005
1458
1404
1847
3054
2447
2068
3232
171
845
2757
1877
1767
2967
186
3595
226
2711
33
3272
3421
3708
1384
585
2392
856
3717
2895
1436
2667
3865
3169
214
1843
3533
854
2104
643
722
1126
655
183
3573
2258
693
182
1108
2066
1335
1879
828
3866
2011
3040
923
255
3820
3654
3655
1634
3070
2975
1451
213
1341
2174
506
1616
732
1668
3547
3226
1701
3024
984
522
1782
3863
3085
766
1256
1227
2475
3393
3643
207
1279
1367
2209
1861
121
417
3319
3117
1927
1244
2328
3017
1380
3810
3414
3564
385
3770
773
1955
3266
2979
2962
3526
251
841
3228
3270
961
2129
2116
1558
1977
2930
865
1416
29
1093
1831
1777
3005
2925
1460
3198
1813
2917
1510
426
3212
2193
3298
1066
1597
1980
2698
1657
1334
2837
1805
2772
108
2500
779
1676
3646
1457
2738
173
3762
3910
2296
716
1628
2053
675
3130
1852
2412
3739
1041
2520
3335
1300
1179
2891
3658
2306
2587
3775
3761
1851
423
2501
453
81
3111
3101
2384
1056
638
1030
3898
514
3273
1299
3540
222
3160
2970
3216
3378
2227
579
1842
860
755
2740
2336
106
166
1996
1990
998
3665
2457
2727
1010
689
1432
2140
2808
3234
2035
3052
2285
657
3459
3842
3744
1933
891
894
2732
254
1684
241
649
1067
2233
464
1821
662
2777
3876
3357
2252
2696
3391
1572
470
2621
259
486
991
3440
1908
742
2389
1415
2124
3779
521
399
98
2361
2892
2438
993
2214
3707
924
3906
3720
1264
628
141
2307
1003
1790
2381
2507
3497
1452
1155
1928
1368
1143
67
1493
165
3433
2360
3852
1983
2572
3869
2560
3455
320
2922
1047
3021
389
2643
3578
3476
3151
3041
365
1322
352
3756
465
1772
3778
593
1581
1850
8
3410
2694
1921
1057
1820
790
2257
1695
2746
3795
2433
1138
2764
710
253
3883
1846
1172
3844
3321
113
1123
2267
3043
3239
447
3167
3114
327
1899
257
1943
355
1245
852
3380
3390
393
822
1785
2744
2290
1210
2270
305
1328
2107
933
2914
833
3769
2127
2512
1830
2372
1291
586
947
1940
504
3001
3508
3376
821
762
3807
2317
3186
3183
3399
424
2898
256
272
1446
3630
3570
3013
2029
3206
608
2266
397
3447
2559
3557
1205
210
1455
3354
1332
3091
3591
3791
3565
1486
3857
1165
2971
994
3413
2212
864
260
1449
2860
2330
2183
2261
3317
1947
688
1100
3732
3233
1120
144
2993
2686
1476
2799
1978
2071
820
3612
728
2213
3028
1872
3660
159
1088
3095
3277
497
1519
1318
1248
3721
945
1746
1661
2664
2028
1236
3831
2959
1375
2161
3672
3801
425
3623
2556
1718
1082
2082
2510
3664
1707
1739
3229
3187
2006
1447
3035
2561
1213
1395
2244
753
1298
813
1162
775
488
2639
224
622
3325
1511
1090
565
2128
1406
82
1471
1192
2146
1986
2666
3670
357
2770
3009
1694
480
809
3867
844
2581
1910
351
3276
1431
2228
411
2562
1829
666
1106
1343
3841
2792
2101
2942
3042
455
3300
1969
114
2478
2022
1139
90
546
404
1129
1409
1992
3652
3308
904
3594
1876
1274
2237
1203
1599
1396
1870
2886
2683
997
886
3336
1348
415
980
797
3806
2198
639
3201
2446
2076
931
3694
965
578
2108
2216
3826
343
2881
3765
3724
1764
2423
2858
1508
1882
883
1665
3622
1951
843
2629
3105
3662
1117
3415
2809
1408
3909
3077
2186
1051
2650
1325
2828
3759
525
673
2074
2472
3569
1981
3637
2582
2653
925
2692
489
2165
2720
847
3468
3567
3510
2498
64
336
2846
2627
3870
2911
1690
1804
1497
1158
3129
2575
3231
225
1296
1993
2271
1792
2000
297
2685
2469
1611
3032
3010
3498
3051
495
3763
3205
840
1231
851
1929
2178
3824
202
3626
632
3089
1074
2703
2573
704
2363
2961
560
1965
2277
307
541
491
105
3166
86
2093
2706
3164
3178
2864
3651
1070
707
2600
1228
2854
2171
60
94
3253
100
1427
2041
2164
3491
2503
3295
1736
636
786
1168
3538
2350
1561
2425
749
3400
915
3803
3059
729
2538
3711
656
557
412
1725
3555
3448
1970
1159
2001
975
359
410
1112
1278
2343
2048
379
282
1136
2421
2550
3384
2196
2394
2524
3817
1023
101
2578
1630
724
2804
685
1276
668
3411
1779
2451
3406
2883
1393
309
898
2608
1679
2163
2927
747
3126
1946
3880
803
49
3627
2943
3747
1923
1621
2323
616
3728
837
2039
1110
1832
896
188
1677
1033
2376
3606
3659
2670
128
2065
2254
3829
2870
3158
3605
2232
3348
1703
167
3245
1891
445
2972
2915
2668
2714
2697
1531
2482
1268
686
1397
438
407
3324
1613
2957
1574
3603
1224
3289
2682
1806
500
1338
609
3503
2401
1011
3379
1902
2675
1898
3427
441
706
2430
1724
2333
2020
887
63
3701
2722
3112
35
2504
2044
2773
953
2849
2887
3583
3639
2896
3342
3452
2154
2926
1137
2079
1904
3439
3388
1674
3593
2147
769
908
3600
1539
528
524
1961
910
1863
765
3296
756
1253
780
1351
2415
228
3786
1195
1254
1865
3554
205
2853
2346
142
1604
2454
3575
1177
3620
2409
3315
1381
855
208
2224
2204
444
1713
3805
3377
597
3223
3901
3423
1700
1312
3740
1438
1061
872
3534
3056
1265
3679
1364
2795
1802
2876
2260
2291
2724
1002
2756
133
2083
2357
3785
1880
3442
944
624
1182
2215
1815
3343
70
1433
3521
209
3734
44
3505
2862
817
1761
2319
2790
3138
1683
977
544
19
2190
3516
1342
1873
2798
2688
378
1176
3492
1391
2192
2240
3755
2408
3331
1487
604
57
1385
869
1014
700
1333
3128
3419
2723
1502
1663
3657
2530
2406
325
575
1645
3016
512
2231
3115
555
294
375
1034
515
1914
1306
1267
3690
645
179
530
695
1399
2985
1135
739
529
2593
3613
2610
1557
1987
606
1522
633
1536
1032
421
3878
1456
1037
2553
2046
1362
2605
1376
1533
3389
2493
2677
2407
