562
629
724
312
63
483
664
694
16
605
301
219
695
57
430
553
270
507
156
518
50
384
397
182
343
457
641
419
127
697
470
530
608
544
263
321
421
166
195
386
504
678
189
218
242
183
552
545
353
718
260
28
524
53
459
683
550
563
402
380
5
701
132
376
366
93
638
135
393
649
473
46
150
69
441
82
566
119
148
398
170
33
91
226
190
327
500
307
569
622
741
325
130
714
556
575
431
233
618
2
340
248
365
322
658
191
143
674
580
261
138
223
323
379
347
241
187
332
464
235
378
600
297
551
179
88
122
542
666
735
471
467
509
229
216
110
688
314
246
277
742
554
152
333
447
596
22
172
472
657
24
584
547
693
3
334
564
350
1
10
0
436
338
210
269
284
706
15
43
360
427
572
199
738
316
442
463
625
670
348
290
308
72
320
668
621
601
97
198
273
394
549
526
197
519
642
703
193
576
679
653
56
672
123
163
51
283
64
60
568
454
611
217
342
188
298
364
525
237
153
589
466
