75
126
587
578
378
203
249
787
470
757
284
268
369
371
385
581
142
563
287
720
540
175
392
342
120
700
138
37
510
473
634
705
526
621
633
191
774
161
174
167
566
812
750
43
508
423
61
16
637
426
518
666
758
253
208
825
594
150
766
352
640
129
609
30
784
289
152
58
227
675
349
475
380
11
568
100
185
44
823
246
182
488
689
344
713
373
545
82
283
77
8
537
95
114
316
494
376
356
334
239
775
549
452
244
302
98
211
245
416
454
63
421
157
119
4
186
647
34
333
49
522
196
512
618
327
383
761
707
166
382
205
740
457
14
629
56
809
709
723
632
33
355
811
668
493
271
593
468
772
165
567
544
42
390
169
435
53
374
482
658
643
48
719
806
548
336
636
393
751
340
141
324
686
785
456
590
17
649
314
599
559
103
814
753
476
554
794
377
742
455
458
388
685
699
646
505
72
9
443
240
564
234
663
520
301
6
220
502
802
199
337
530
832
630
372
702
472
730
492
348
221
216
125
117
603
29
672
553
264
535
258
13
345
607
655
611
50
523
288
318
501
688
800
759
346
721
714
788
64
