1678
148
124
970
67
1503
785
1729
650
707
713
1138
151
1345
1519
1696
1051
1139
1329
1765
1517
879
1776
488
372
345
406
425
1311
1294
598
253
1353
147
1262
903
815
1
167
142
1831
1133
286
52
1635
706
885
125
1552
1820
940
1641
156
1428
1556
1396
601
491
1055
230
1230
106
609
1780
1719
875
120
330
977
1215
1557
276
202
1773
1830
836
290
591
1493
399
1290
939
446
387
1091
1586
129
910
1581
226
793
1315
649
1012
826
1373
1611
1829
1358
1734
845
1803
788
1386
1359
420
1421
995
577
1598
1479
1518
242
748
1740
961
1125
389
724
1098
1449
727
23
58
1711
709
549
171
1551
680
1702
561
1400
508
1750
217
1056
1044
316
175
987
913
1445
1521
736
866
1096
1169
1033
304
455
863
1424
159
1259
817
851
1627
235
340
997
1451
1240
1214
77
1416
1278
557
1028
991
262
1698
1542
157
1742
758
283
331
489
47
659
1302
363
1070
1505
1630
511
886
319
1272
698
1068
1548
289
827
450
1580
1013
624
63
37
1378
1814
646
1486
1759
846
105
1665
567
1309
298
1490
1000
682
1271
1060
1624
1461
978
1661
1247
1252
1081
1420
1762
1707
857
718
1364
1110
1583
1657
1782
1452
904
565
119
843
405
1197
1469
708
1531
21
1410
825
317
1677
861
1362
19
1793
1768
1525
852
1237
366
367
115
1253
1120
794
1504
1097
1244
259
1818
506
703
468
15
543
278
381
1283
126
889
1150
199
1485
322
721
1653
1404
403
1788
43
541
1233
779
984
976
1597
1117
134
1807
83
237
185
354
751
1509
643
411
821
481
1772
1050
140
80
492
1177
101
1706
850
556
607
394
654
1512
791
1654
474
834
1529
100
386
1609
523
1155
1232
50
291
383
1757
1336
243
1465
1496
1119
66
525
1152
1800
692
1064
1174
524
1723
310
1121
1805
53
954
184
934
1010
1216
1834
1459
1368
704
433
811
1089
92
923
1498
1621
1207
1690
1615
599
296
1245
252
1203
1810
1147
1524
853
1251
1716
1149
764
419
1037
1605
792
616
753
1471
1018
947
1714
183
261
1751
1489
180
640
1318
909
1676
1235
1090
1560
482
282
302
1462
1280
477
1437
743
45
803
1007
1182
1036
1431
127
1403
1308
635
618
1186
1671
10
1291
1414
301
212
1839
1231
1346
1572
1681
597
479
326
1679
841
57
1142
1435
463
300
812
1343
1249
915
1094
513
735
1078
832
1492
1361
205
380
1206
1374
896
1545
176
232
1728
1045
1114
842
1217
702
967
936
1287
893
782
454
214
267
1132
733
1649
744
644
1623
407
1579
631
362
1109
732
1099
742
946
563
1455
268
898
42
552
1543
1268
1752
1510
546
1047
1434
78
208
993
72
905
1265
985
122
1227
277
484
1547
4
1430
657
1335
1737
1187
988
329
211
1761
320
544
1571
798
1301
297
1741
799
1663
68
1647
1450
752
1541
370
865
1196
1632
1213
953
0
